25
1,697,812,712
10
1,052,798,977
29
554,335,027
98
1,598,286,629
76
1,651,060,056
23
528,035,859
94
1,452,152,772
34
845,812,171
62
1,135,387,120
90
1,286,095,351
14
44,145,624
4
994,874,376
80
1,723,369,143
78
1,707,151,842
26
1,184,777,339
10
1,052,798,977
89
917,728,036
4
994,874,376
61
186,307,602
17
1,652,030,539
8
1,343,965,814
43
34,929,486
0
55
35
319,604,158
16
18,310,592
59
382,834,911
32
1,117,727,760
96
763,872,986
44
148,061,688
79
156,192,566
56
1,667,305,365
40
1,919,904,005
96
763,872,986
64
522,972,593
56
1,667,305,365
7
1,465,418,152
33
1,796,263,271
97
95,218,691
26
1,184,777,339
25
1,697,812,712
47
1,461,790,847
77
1,660,171,000
81
801,156,227
9
1,886,587,086
17
1,652,030,539
17
1,652,030,539
97
95,218,691
28
2,046,391,113
38
782,333,389
28
2,046,391,113
94
1,452,152,772
30
1,499,595,142
75
1,072,872,006
61
186,307,602
1
2,036,402,474
20
737,452,208
76
1,651,060,056
37
1,437,833,579
52
1,275,591,763
41
818,517,411
31
1,346,020,795
90
1,286,095,351
66
1,004,248,415
50
635,057,548
70
1,265,681,647
82
1,889,507,029
99
847,597,471
49
1,401,131,213
68
2,049,099,095
18
260,012,372
89
917,728,036
82
1,889,507,029
70
1,265,681,647
44
148,061,688
45
1,904,527,196
51
115,182,155
94
1,452,152,772
79
156,192,566
37
1,437,833,579
91
1,509,210,844
73
1,582,215,351
79
156,192,566
55
1,304,098,434
79
156,192,566
49
1,401,131,213
39
217,676,851
79
156,192,566
2
1,502,941,561
26
1,184,777,339
66
1,004,248,415
26
1,184,777,339
35
319,604,158
70
1,265,681,647
22
1,754,787,946
35
319,604,158
35
319,604,158
63
160,163,109
95
978,226,205
89
917,728,036
38
782,333,389
